P0: 605.640380859375 0.0 319.2964782714844 0.0 0.0 605.6746826171875 235.4414825439453 0.0 0.0 0.0 1.0 0.0
P1: 605.640380859375 0.0 319.2964782714844 0.0 0.0 605.6746826171875 235.4414825439453 0.0 0.0 0.0 1.0 0.0
P2: 605.640380859375 0.0 319.2964782714844 0.0 0.0 605.6746826171875 235.4414825439453 0.0 0.0 0.0 1.0 0.0
P3: 605.640380859375 0.0 319.2964782714844 0.0 0.0 605.6746826171875 235.4414825439453 0.0 0.0 0.0 1.0 0.0
R0_rect: 1 0 0 0 1 0 0 0 1
Tr_velo_to_cam: 0 -1 0 -0.4 0 0 -1 0.55 1 0 0 0.2
Tr_imu_to_velo: 1 0 0 0 0 1 0 0 0 0 1 0
